5781292544
2308711425
2549578244
2011075080
3365993480
2799724554
5873220619
3899427856
1419172372
2629250581
6015189526
3178297882
1870458911
1700720163
1803818020
2024538663
1623340585
2244136490
2183864363
1984847913
5616945199
5492443184
1227368500
5902696506
2706896955
2082596927
1260407871
3196417607
1259110474
5020397132
1652889677
2075245652
2043228245
2172061270
1834133591
2102883924
1722022490
3329420380
2902408801
5790112354
2086001763
2963966564
5456865382
1669879400
1880922220
2541592687
2274567792
1617499760
6400910962
5908064369
1827683445
2052350073
1904469113
5781311106
1812431491
1991123083
6068133006
2062571151
1701367442
1967953043
1655444627
6124627606
1897851032
5615627418
1917433500
3050709151
1929676450
3264068264
1912964267
1784990903
1911093943
2284167355
5619426492
2760402625
2035250370
1267580610
1973967044
1717833412
1903747781
5350509769
1152594637
3779962062
1595991251
6161856218
3800468188
3623353053
2416967903
5310675167
3270346463
1239246050
1644489953
1884334303
1806963941
5539777260
5372556014
7191533806
6177367279
1865901305
3204782330
2386798841
1732802301
2417356033
1668589317
1644948230
5901287687
1941424392
2647971081
2269599497
2216791820
1879778060
1815418641
2447034645
1760668437
2100774680
5659134235
3282971937
1880185123
3176773924
2034347300
2113500964
1905843503
1821499183
1971076403
2215917364
3120845115
2609400635
2029045054
1288915263
1988438334
2539961154
2140348227
2054302531
1624923463
2328733512
5796662600
5813256522
2812335943
1792951112
2809703245
2762892110
3171944275
2568435544
2112496475
1860563805
1926641510
2300279655
2275545962
1195242865
2110048113
1955957617
6523801975
1847582585
1963356541
1292815744
1553193857
2200249730
1265743747
1974177154
1887790981
5824201094
2154491277
6290114447
1978841494
1308708761
3167104922
2864280474
2379928477
1711530911
2115980191
1735221154
2092312995
3050737061
5653796775
6400910760
2360812967
1975995305
2392874414
2759348142
1736988591
5143945136
7821233078
3708524475
1938523582
3546633155
1523766213
1537790411
5829543885
1735882701
2881668562
1960785875
5705839574
2106192855
2048099290
2286552551
1226097130
1735921133
3288875501
2489610225
1594052081
1700648435
1789342195
1844967414
1776448504
6554599420
1280846847
